  1 # Entries for the PAM250 matrix at a scale of ln(2)/3.0.
  2    A  R  N  D  C  Q  E  G  H  I  L  K  M  F  P  S  T  W  Y  V  B  J  Z  X  *
  3 A  2 -2  0  0 -2  0  0  1 -1 -1 -2 -1 -1 -3  1  1  1 -6 -3  0  0 -1  0 -1 -8
  4 R -2  6  0 -1 -4  1 -1 -3  2 -2 -3  3  0 -4  0  0 -1  2 -4 -2 -1 -3  0 -1 -8
  5 N  0  0  2  2 -4  1  1  0  2 -2 -3  1 -2 -3  0  1  0 -4 -2 -2  2 -3  1 -1 -8
  6 D  0 -1  2  4 -5  2  3  1  1 -2 -4  0 -3 -6 -1  0  0 -7 -4 -2  3 -3  3 -1 -8
  7 C -2 -4 -4 -5 12 -5 -5 -3 -3 -2 -6 -5 -5 -4 -3  0 -2 -8  0 -2 -4 -5 -5 -1 -8
  8 Q  0  1  1  2 -5  4  2 -1  3 -2 -2  1 -1 -5  0 -1 -1 -5 -4 -2  1 -2  3 -1 -8
  9 E  0 -1  1  3 -5  2  4  0  1 -2 -3  0 -2 -5 -1  0  0 -7 -4 -2  3 -3  3 -1 -8
 10 G  1 -3  0  1 -3 -1  0  5 -2 -3 -4 -2 -3 -5  0  1  0 -7 -5 -1  0 -4  0 -1 -8
 11 H -1  2  2  1 -3  3  1 -2  6 -2 -2  0 -2 -2  0 -1 -1 -3  0 -2  1 -2  2 -1 -8
 12 I -1 -2 -2 -2 -2 -2 -2 -3 -2  5  2 -2  2  1 -2 -1  0 -5 -1  4 -2  3 -2 -1 -8
 13 L -2 -3 -3 -4 -6 -2 -3 -4 -2  2  6 -3  4  2 -3 -3 -2 -2 -1  2 -3  5 -3 -1 -8
 14 K -1  3  1  0 -5  1  0 -2  0 -2 -3  5  0 -5 -1  0  0 -3 -4 -2  1 -3  0 -1 -8
 15 M -1  0 -2 -3 -5 -1 -2 -3 -2  2  4  0  6  0 -2 -2 -1 -4 -2  2 -2  3 -2 -1 -8
 16 F -3 -4 -3 -6 -4 -5 -5 -5 -2  1  2 -5  0  9 -5 -3 -3  0  7 -1 -4  2 -5 -1 -8
 17 P  1  0  0 -1 -3  0 -1  0  0 -2 -3 -1 -2 -5  6  1  0 -6 -5 -1 -1 -2  0 -1 -8
 18 S  1  0  1  0  0 -1  0  1 -1 -1 -3  0 -2 -3  1  2  1 -2 -3 -1  0 -2  0 -1 -8
 19 T  1 -1  0  0 -2 -1  0  0 -1  0 -2  0 -1 -3  0  1  3 -5 -3  0  0 -1 -1 -1 -8
 20 W -6  2 -4 -7 -8 -5 -7 -7 -3 -5 -2 -3 -4  0 -6 -2 -5 17  0 -6 -5 -3 -6 -1 -8
 21 Y -3 -4 -2 -4  0 -4 -4 -5  0 -1 -1 -4 -2  7 -5 -3 -3  0 10 -2 -3 -1 -4 -1 -8
 22 V  0 -2 -2 -2 -2 -2 -2 -1 -2  4  2 -2  2 -1 -1 -1  0 -6 -2  4 -2  2 -2 -1 -8
 23 B  0 -1  2  3 -4  1  3  0  1 -2 -3  1 -2 -4 -1  0  0 -5 -3 -2  3 -3  2 -1 -8
 24 J -1 -3 -3 -3 -5 -2 -3 -4 -2  3  5 -3  3  2 -2 -2 -1 -3 -1  2 -3  5 -2 -1 -8
 25 Z  0  0  1  3 -5  3  3  0  2 -2 -3  0 -2 -5  0  0 -1 -6 -4 -2  2 -2  3 -1 -8
 26 X -1 -1 -1 -1 -1 -1 -1 -1 -1 -1 -1 -1 -1 -1 -1 -1 -1 -1 -1 -1 -1 -1 -1 -1 -8
 27 * -8 -8 -8 -8 -8 -8 -8 -8 -8 -8 -8 -8 -8 -8 -8 -8 -8 -8 -8 -8 -8 -8 -8 -8  1